#Layer_Color=8388736
#
#Feature symbol names
#
$0 r3.937
$1 r5

#
#Feature attribute names
#

#
#Layer features
#
L 3.6299213 0.480315 3.6299213 1.0944882 0 P 0
L 3.6299213 0.480315 4.2440945 0.480315 0 P 0
L 3.6299213 1.0944882 4.2440945 1.0944882 0 P 0
L 3.6534251 1.1403147 3.6534251 1.1777163 0 P 0
L 3.6534251 1.1403147 3.7223228 1.1403147 0 P 0
L 3.6534251 1.1777163 3.7223228 1.1777163 0 P 0
L 3.7078346 1.2333858 3.7078346 1.355433 0 P 0
L 3.7078346 1.2333858 3.7787008 1.2333858 0 P 0
L 3.7078346 1.355433 3.7787008 1.355433 0 P 0
L 3.7223228 1.1403147 3.7223228 1.1777163 0 P 0
L 3.7787008 1.2333858 3.7787008 1.355433 0 P 0
L 3.7905511 1.1403149 3.7905511 1.1777165 0 P 0
L 3.7905511 1.1403149 3.8594488 1.1403149 0 P 0
L 3.7905511 1.1777165 3.8594488 1.1777165 0 P 0
L 3.8594488 1.1403149 3.8594488 1.1777165 0 P 0
L 3.8645669 1.2705514 3.8645669 1.3394491 0 P 0
L 3.8645669 1.2705514 3.9019685 1.2705514 0 P 0
L 3.8645669 1.3394491 3.9019685 1.3394491 0 P 0
L 3.9019685 1.2705514 3.9019685 1.3394491 0 P 0
L 4.0083857 1.1392991 4.0083857 1.1767007 0 P 0
L 4.0083857 1.1392991 4.0772834 1.1392991 0 P 0
L 4.0083857 1.1767007 4.0772834 1.1767007 0 P 0
L 4.0292993 0.7715512 4.0292993 0.8404488 0 P 0
L 4.0292993 0.7715512 4.0667008 0.7715512 0 P 0
L 4.0292993 0.8404488 4.0667008 0.8404488 0 P 0
L 4.0667008 0.7715512 4.0667008 0.8404488 0 P 0
L 4.075433 1.2333858 4.075433 1.355433 0 P 0
L 4.075433 1.2333858 4.1462992 1.2333858 0 P 0
L 4.075433 1.355433 4.1462992 1.355433 0 P 0
L 4.0772834 1.1392991 4.0772834 1.1767007 0 P 0
L 4.105229 1.3942271 4.105229 1.4316287 0 P 0
L 4.105229 1.3942271 4.1741267 1.3942271 0 P 0
L 4.105229 1.4316287 4.1741267 1.4316287 0 P 0
L 4.1462992 1.2333858 4.1462992 1.355433 0 P 0
L 4.1577093 1.1405984 4.1577093 1.178 0 P 0
L 4.1577093 1.1405984 4.226607 1.1405984 0 P 0
L 4.1577093 1.178 4.226607 1.178 0 P 0
L 4.1741267 1.3942271 4.1741267 1.4316287 0 P 0
L 4.226607 1.1405984 4.226607 1.178 0 P 0
L 4.2440945 0.480315 4.2440945 1.0944882 0 P 0
L 4.3799213 0.480315 4.3799213 1.0944882 0 P 0
L 4.3799213 0.480315 4.9940945 0.480315 0 P 0
L 4.3799213 1.0944882 4.9940945 1.0944882 0 P 0
L 4.4214172 1.1402991 4.4214172 1.1777007 0 P 0
L 4.4214172 1.1402991 4.4903149 1.1402991 0 P 0
L 4.4214172 1.1777007 4.4903149 1.1777007 0 P 0
L 4.4755669 1.2333858 4.4755669 1.355433 0 P 0
L 4.4755669 1.2333858 4.5464331 1.2333858 0 P 0
L 4.4755669 1.355433 4.5464331 1.355433 0 P 0
L 4.4903149 1.1402991 4.4903149 1.1777007 0 P 0
L 4.5464331 1.2333858 4.5464331 1.355433 0 P 0
L 4.5585432 1.1402992 4.5585432 1.1777008 0 P 0
L 4.5585432 1.1402992 4.6274409 1.1402992 0 P 0
L 4.5585432 1.1777008 4.6274409 1.1777008 0 P 0
L 4.6274409 1.1402992 4.6274409 1.1777008 0 P 0
L 4.6322992 1.2705511 4.6322992 1.3394488 0 P 0
L 4.6322992 1.2705511 4.6697008 1.2705511 0 P 0
L 4.6322992 1.3394488 4.6697008 1.3394488 0 P 0
L 4.6697008 1.2705511 4.6697008 1.3394488 0 P 0
L 4.7472682 1.1402991 4.7472682 1.1777007 0 P 0
L 4.7472682 1.1402991 4.8161659 1.1402991 0 P 0
L 4.7472682 1.1777007 4.8161659 1.1777007 0 P 0
L 4.7645512 2.6122992 4.7645512 2.6497007 0 P 0
L 4.7645512 2.6122992 4.8334488 2.6122992 0 P 0
L 4.7645512 2.6497007 4.8334488 2.6497007 0 P 0
L 4.7762993 0.7715512 4.7762993 0.8404488 0 P 0
L 4.7762993 0.7715512 4.8137008 0.7715512 0 P 0
L 4.7762993 0.8404488 4.8137008 0.8404488 0 P 0
L 4.8137008 0.7715512 4.8137008 0.8404488 0 P 0
L 4.8161659 1.1402991 4.8161659 1.1777007 0 P 0
L 4.825433 1.2333779 4.825433 1.3554251 0 P 0
L 4.825433 1.2333779 4.8962992 1.2333779 0 P 0
L 4.825433 1.3554251 4.8962992 1.3554251 0 P 0
L 4.8271024 2.3220472 4.8271024 2.5779528 1 P 0
L 4.8271024 2.3220472 4.9648976 2.3220472 1 P 0
L 4.8271024 2.5779528 4.9648976 2.5779528 1 P 0
L 4.8334488 2.6122992 4.8334488 2.6497007 0 P 0
L 4.8547538 1.3939159 4.8547538 1.4313175 0 P 0
L 4.8547538 1.3939159 4.9236515 1.3939159 0 P 0
L 4.8547538 1.4313175 4.9236515 1.4313175 0 P 0
L 4.8962992 1.2333779 4.8962992 1.3554251 0 P 0
L 4.9084646 1.1402991 4.9084646 1.1777007 0 P 0
L 4.9084646 1.1402991 4.9773623 1.1402991 0 P 0
L 4.9084646 1.1777007 4.9773623 1.1777007 0 P 0
L 4.9236515 1.3939159 4.9236515 1.4313175 0 P 0
L 4.9585512 2.6122992 4.9585512 2.6497007 0 P 0
L 4.9585512 2.6122992 5.0274488 2.6122992 0 P 0
L 4.9585512 2.6497007 5.0274488 2.6497007 0 P 0
L 4.9648976 2.3220472 4.9648976 2.5779528 1 P 0
L 4.9773623 1.1402991 4.9773623 1.1777007 0 P 0
L 4.9940945 0.480315 4.9940945 1.0944882 0 P 0
L 5.0274488 2.6122992 5.0274488 2.6497007 0 P 0
