#Layer_Color=0
#
#Feature symbol names
#
$0 r3.937
$1 r1.9685

#
#Feature attribute names
#

#
#Layer features
#
L 3.6259843 0.476378 3.6259843 1.0984252 1 P 0
L 3.6259843 0.476378 4.2480315 0.476378 1 P 0
L 3.6259843 1.0984252 4.2480315 1.0984252 1 P 0
L 3.6347244 1.129488 3.6347244 1.1885431 1 P 0
L 3.6347244 1.129488 3.7410236 1.129488 1 P 0
L 3.6347244 1.1885431 3.7410236 1.1885431 1 P 0
L 3.6566535 1.2235433 3.6566535 1.3652756 1 P 0
L 3.6566535 1.2235433 3.8298819 1.2235433 1 P 0
L 3.6566535 1.3652756 3.8298819 1.3652756 1 P 0
L 3.6691732 1.1590155 3.7065748 1.1590155 0 P 0
L 3.687874 1.1403148 3.687874 1.1777163 0 P 0
L 3.7235827 1.2944094 3.7629528 1.2944094 0 P 0
L 3.7410236 1.129488 3.7410236 1.1885431 1 P 0
L 3.7432677 1.2747244 3.7432677 1.3140945 0 P 0
L 3.7718504 1.1294882 3.7718504 1.1885433 1 P 0
L 3.7718504 1.1294882 3.8781496 1.1294882 1 P 0
L 3.7718504 1.1885433 3.8781496 1.1885433 1 P 0
L 3.8062992 1.1590157 3.8437008 1.1590157 0 P 0
L 3.825 1.140315 3.825 1.1777165 0 P 0
L 3.8298819 1.2235433 3.8298819 1.3652756 1 P 0
L 3.8537401 1.2518507 3.8537401 1.3581499 1 P 0
L 3.8537401 1.2518507 3.9127952 1.2518507 1 P 0
L 3.8537401 1.3581499 3.9127952 1.3581499 1 P 0
L 3.8645669 1.3050003 3.9019684 1.3050003 0 P 0
L 3.8781496 1.1294882 3.8781496 1.1885433 1 P 0
L 3.8832677 1.2862995 3.8832677 1.3237011 0 P 0
L 3.9127952 1.2518507 3.9127952 1.3581499 1 P 0
L 3.9173229 0.7874016 3.9566929 0.7874016 0 P 0
L 3.9370079 0.7677166 3.9370079 0.8070866 0 P 0
L 3.989685 1.1284724 3.989685 1.1875275 1 P 0
L 3.989685 1.1284724 4.0959842 1.1284724 1 P 0
L 3.989685 1.1875275 4.0959842 1.1875275 1 P 0
L 4.0184725 0.7528504 4.0184725 0.8591496 1 P 0
L 4.0184725 0.7528504 4.0775276 0.7528504 1 P 0
L 4.0184725 0.8591496 4.0775276 0.8591496 1 P 0
L 4.0241338 1.1579999 4.0615354 1.1579999 0 P 0
L 4.0242519 1.2235433 4.0242519 1.3652756 1 P 0
L 4.0242519 1.2235433 4.1974803 1.2235433 1 P 0
L 4.0242519 1.3652756 4.1974803 1.3652756 1 P 0
L 4.0292993 0.806 4.0667008 0.806 0 P 0
L 4.0428346 1.1392992 4.0428346 1.1767007 0 P 0
L 4.048 0.7872992 4.048 0.8247008 0 P 0
L 4.0775276 0.7528504 4.0775276 0.8591496 1 P 0
L 4.0865283 1.3834004 4.0865283 1.4424555 1 P 0
L 4.0865283 1.3834004 4.1928275 1.3834004 1 P 0
L 4.0865283 1.4424555 4.1928275 1.4424555 1 P 0
L 4.0911811 1.2944094 4.1305512 1.2944094 0 P 0
L 4.0959842 1.1284724 4.0959842 1.1875275 1 P 0
L 4.1108661 1.2747244 4.1108661 1.3140945 0 P 0
L 4.1209771 1.4129279 4.1583787 1.4129279 0 P 0
L 4.1390086 1.1297717 4.1390086 1.1888268 1 P 0
L 4.1390086 1.1297717 4.2453078 1.1297717 1 P 0
L 4.1390086 1.1888268 4.2453078 1.1888268 1 P 0
L 4.1396779 1.3942272 4.1396779 1.4316287 0 P 0
L 4.1734574 1.1592992 4.210859 1.1592992 0 P 0
L 4.1921582 1.1405985 4.1921582 1.178 0 P 0
L 4.1928275 1.3834004 4.1928275 1.4424555 1 P 0
L 4.1974803 1.2235433 4.1974803 1.3652756 1 P 0
L 4.2453078 1.1297717 4.2453078 1.1888268 1 P 0
L 4.2480315 0.476378 4.2480315 1.0984252 1 P 0
L 4.3759843 0.476378 4.3759843 1.0984252 1 P 0
L 4.3759843 0.476378 4.9980315 0.476378 1 P 0
L 4.3759843 1.0984252 4.9980315 1.0984252 1 P 0
L 4.4027165 1.1294724 4.4027165 1.1885275 1 P 0
L 4.4027165 1.1294724 4.5090157 1.1294724 1 P 0
L 4.4027165 1.1885275 4.5090157 1.1885275 1 P 0
L 4.4243858 1.2235433 4.4243858 1.3652756 1 P 0
L 4.4243858 1.2235433 4.5976142 1.2235433 1 P 0
L 4.4243858 1.3652756 4.5976142 1.3652756 1 P 0
L 4.4371653 1.1589999 4.4745669 1.1589999 0 P 0
L 4.4558661 1.1402992 4.4558661 1.1777007 0 P 0
L 4.491315 1.2944094 4.5306851 1.2944094 0 P 0
L 4.5090157 1.1294724 4.5090157 1.1885275 1 P 0
L 4.511 1.2747244 4.511 1.3140945 0 P 0
L 4.5398425 1.1294725 4.5398425 1.1885276 1 P 0
L 4.5398425 1.1294725 4.6461417 1.1294725 1 P 0
L 4.5398425 1.1885276 4.6461417 1.1885276 1 P 0
L 4.5742913 1.159 4.6116929 1.159 0 P 0
L 4.5929921 1.1402993 4.5929921 1.1777008 0 P 0
L 4.5976142 1.2235433 4.5976142 1.3652756 1 P 0
L 4.6214724 1.2518504 4.6214724 1.3581496 1 P 0
L 4.6214724 1.2518504 4.6805275 1.2518504 1 P 0
L 4.6214724 1.3581496 4.6805275 1.3581496 1 P 0
L 4.6322992 1.305 4.6697007 1.305 0 P 0
L 4.6461417 1.1294725 4.6461417 1.1885276 1 P 0
L 4.651 1.2862992 4.651 1.3237008 0 P 0
L 4.6673229 0.7874016 4.7066929 0.7874016 0 P 0
L 4.6805275 1.2518504 4.6805275 1.3581496 1 P 0
L 4.6870079 0.7677166 4.6870079 0.8070866 0 P 0
L 4.7188346 2.3122047 4.7188346 2.5877953 1 P 0
L 4.7188346 2.3122047 5.0731654 2.3122047 1 P 0
L 4.7188346 2.5877953 5.0731654 2.5877953 1 P 0
L 4.7285675 1.1294724 4.7285675 1.1885275 1 P 0
L 4.7285675 1.1294724 4.8348667 1.1294724 1 P 0
L 4.7285675 1.1885275 4.8348667 1.1885275 1 P 0
L 4.7458504 2.6014724 4.7458504 2.6605275 1 P 0
L 4.7458504 2.6014724 4.8521496 2.6014724 1 P 0
L 4.7458504 2.6605275 4.8521496 2.6605275 1 P 0
L 4.7630163 1.1589999 4.8004179 1.1589999 0 P 0
L 4.7654725 0.7528504 4.7654725 0.8591496 1 P 0
L 4.7654725 0.7528504 4.8245276 0.7528504 1 P 0
L 4.7654725 0.8591496 4.8245276 0.8591496 1 P 0
L 4.7742519 1.2235354 4.7742519 1.3652677 1 P 0
L 4.7742519 1.2235354 4.9474803 1.2235354 1 P 0
L 4.7742519 1.3652677 4.9474803 1.3652677 1 P 0
L 4.7762993 0.806 4.8137008 0.806 0 P 0
L 4.7802992 2.631 4.8177008 2.631 0 P 0
L 4.7817171 1.1402992 4.7817171 1.1777007 0 P 0
L 4.795 0.7872992 4.795 0.8247008 0 P 0
L 4.799 2.6122992 4.799 2.6497007 0 P 0
L 4.8245276 0.7528504 4.8245276 0.8591496 1 P 0
L 4.8348667 1.1294724 4.8348667 1.1885275 1 P 0
L 4.8360531 1.3830892 4.8360531 1.4421443 1 P 0
L 4.8360531 1.3830892 4.9423523 1.3830892 1 P 0
L 4.8360531 1.4421443 4.9423523 1.4421443 1 P 0
L 4.8411811 1.2944015 4.8805512 1.2944015 0 P 0
L 4.8521496 2.6014724 4.8521496 2.6605275 1 P 0
L 4.8608661 1.2747165 4.8608661 1.3140866 0 P 0
L 4.8705019 1.4126167 4.9079035 1.4126167 0 P 0
L 4.8892027 1.393916 4.8892027 1.4313175 0 P 0
L 4.8897639 1.1294724 4.8897639 1.1885275 1 P 0
L 4.8897639 1.1294724 4.9960631 1.1294724 1 P 0
L 4.8897639 1.1885275 4.9960631 1.1885275 1 P 0
L 4.9242127 1.1589999 4.9616143 1.1589999 0 P 0
L 4.9398504 2.6014724 4.9398504 2.6605275 1 P 0
L 4.9398504 2.6014724 5.0461496 2.6014724 1 P 0
L 4.9398504 2.6605275 5.0461496 2.6605275 1 P 0
L 4.9423523 1.3830892 4.9423523 1.4421443 1 P 0
L 4.9429135 1.1402992 4.9429135 1.1777007 0 P 0
L 4.9474803 1.2235354 4.9474803 1.3652677 1 P 0
L 4.9742992 2.631 5.0117008 2.631 0 P 0
L 4.993 2.6122992 4.993 2.6497007 0 P 0
L 4.9960631 1.1294724 4.9960631 1.1885275 1 P 0
L 4.9980315 0.476378 4.9980315 1.0984252 1 P 0
L 5.0461496 2.6014724 5.0461496 2.6605275 1 P 0
L 5.0731654 2.3122047 5.0731654 2.5877953 1 P 0
