#Layer_Color=32768
#
#Feature symbol names
#
$0 r7.874
$1 r1.9685
$2 r3.937
$3 r6

#
#Feature attribute names
#

#
#Layer features
#
L 3.7333031 2.1702205 3.7333031 2.3977795 1 P 0
L 3.7333031 2.1702205 3.8549567 2.1702205 1 P 0
L 3.7333031 2.3977795 3.8549567 2.3977795 1 P 0
L 3.7744449 2.284 3.8138149 2.284 1 P 0
L 3.7941299 2.264315 3.7941299 2.303685 1 P 0
L 3.8549567 2.1702205 3.8549567 2.3977795 1 P 0
L 3.964 1.6869173 3.964 1.9230827 3 P 0
L 3.964 1.6869173 4.118 1.6869173 3 P 0
L 3.964 1.9230827 4.118 1.9230827 3 P 0
L 3.9718504 1.9534724 3.9718504 2.0125275 1 P 0
L 3.9718504 1.9534724 4.0781496 1.9534724 1 P 0
L 3.9718504 2.0125275 4.0781496 2.0125275 1 P 0
L 4.0062992 1.983 4.0437008 1.983 2 P 0
L 4.025 1.9642992 4.025 2.0017007 2 P 0
L 4.0781496 1.9534724 4.0781496 2.0125275 1 P 0
L 4.0842205 2.0905354 4.0842205 2.4574646 1 P 0
L 4.0842205 2.0905354 4.3117795 2.0905354 1 P 0
L 4.0842205 2.4574646 4.3117795 2.4574646 1 P 0
L 4.118 1.6869173 4.118 1.9230827 3 P 0
L 4.2782755 1.7798663 4.2782755 1.8389214 1 P 0
L 4.2782755 1.7798663 4.3845747 1.7798663 1 P 0
L 4.2782755 1.8389214 4.3845747 1.8389214 1 P 0
L 4.2782756 1.8978041 4.2782756 1.9568592 1 P 0
L 4.2782756 1.8978041 4.3845748 1.8978041 1 P 0
L 4.2782756 1.9568592 4.3845748 1.9568592 1 P 0
L 4.3117795 2.0905354 4.3117795 2.4574646 1 P 0
L 4.3127243 1.8093939 4.3501259 1.8093939 2 P 0
L 4.3127244 1.9273317 4.350126 1.9273317 2 P 0
L 4.3314251 1.7906931 4.3314251 1.8280946 2 P 0
L 4.3314252 1.9086309 4.3314252 1.9460324 2 P 0
L 4.3334724 2.1058504 4.3334724 2.2121496 1 P 0
L 4.3334724 2.1058504 4.3925275 2.1058504 1 P 0
L 4.3334724 2.2121496 4.3925275 2.2121496 1 P 0
L 4.3442992 2.159 4.3817007 2.159 2 P 0
L 4.363 2.1402992 4.363 2.1777008 2 P 0
L 4.3845747 1.7798663 4.3845747 1.8389214 1 P 0
L 4.3845748 1.8978041 4.3845748 1.9568592 1 P 0
L 4.3861024 2.733937 4.3861024 3.0528347 0 P 0
L 4.3861024 2.733937 4.8758662 2.733937 0 P 0
L 4.3861024 3.0528347 4.8758662 3.0528347 0 P 0
L 4.3925275 2.1058504 4.3925275 2.2121496 1 P 0
L 4.4075197 1.5088976 4.4075197 1.6211024 0 P 0
L 4.4075197 1.5088976 4.4724803 1.5088976 0 P 0
L 4.4075197 1.6211024 4.4724803 1.6211024 0 P 0
L 4.4163783 2.0628503 4.4163783 2.1691495 1 P 0
L 4.4163783 2.0628503 4.4754334 2.0628503 1 P 0
L 4.4163783 2.1691495 4.4754334 2.1691495 1 P 0
L 4.4272051 2.1159999 4.4646066 2.1159999 2 P 0
L 4.4415197 1.6871496 4.4415197 2.010378 1 P 0
L 4.4415197 1.6871496 4.7647481 1.6871496 1 P 0
L 4.4415197 2.010378 4.7647481 2.010378 1 P 0
L 4.4459059 2.0972991 4.4459059 2.1347007 2 P 0
L 4.4724803 1.5088976 4.4724803 1.6211024 0 P 0
L 4.4754334 2.0628503 4.4754334 2.1691495 1 P 0
L 4.4754882 2.5463386 4.4754882 2.6526378 1 P 0
L 4.4754882 2.5463386 4.5345433 2.5463386 1 P 0
L 4.4754882 2.6526378 4.5345433 2.6526378 1 P 0
L 4.486315 2.5994882 4.5237165 2.5994882 2 P 0
L 4.4870709 1.4702913 4.4870709 1.6317087 1 P 0
L 4.4870709 1.4702913 4.6209291 1.4702913 1 P 0
L 4.4870709 1.6317087 4.6209291 1.6317087 1 P 0
L 4.5050157 2.5807874 4.5050157 2.618189 2 P 0
L 4.5345433 2.5463386 4.5345433 2.6526378 1 P 0
L 4.5719448 2.0628504 4.5719448 2.1691496 1 P 0
L 4.5719448 2.0628504 4.6309999 2.0628504 1 P 0
L 4.5719448 2.1691496 4.6309999 2.1691496 1 P 0
L 4.5816142 2.3228347 4.5816142 2.4291339 1 P 0
L 4.5816142 2.3228347 4.6406693 2.3228347 1 P 0
L 4.5816142 2.4291339 4.6406693 2.4291339 1 P 0
L 4.5827716 2.116 4.6201731 2.116 2 P 0
L 4.5914764 2.4981102 4.5914764 2.626063 0 P 0
L 4.5914764 2.4981102 4.7095866 2.4981102 0 P 0
L 4.5914764 2.626063 4.7095866 2.626063 0 P 0
L 4.592441 2.3759843 4.6298425 2.3759843 2 P 0
L 4.6014724 2.0972992 4.6014724 2.1347008 2 P 0
L 4.6111417 2.3572835 4.6111417 2.3946851 2 P 0
L 4.6209291 1.4702913 4.6209291 1.6317087 1 P 0
L 4.6309999 2.0628504 4.6309999 2.1691496 1 P 0
L 4.6345197 1.3988976 4.6345197 1.5111024 0 P 0
L 4.6345197 1.3988976 4.6994803 1.3988976 0 P 0
L 4.6345197 1.5111024 4.6994803 1.5111024 0 P 0
L 4.6374724 1.5262598 4.6374724 1.632559 1 P 0
L 4.6374724 1.5262598 4.6965275 1.5262598 1 P 0
L 4.6374724 1.632559 4.6965275 1.632559 1 P 0
L 4.6406693 2.3228347 4.6406693 2.4291339 1 P 0
L 4.6482992 1.5794094 4.6857007 1.5794094 2 P 0
L 4.6603938 2.3228504 4.6603938 2.4291496 1 P 0
L 4.6603938 2.3228504 4.7194489 2.3228504 1 P 0
L 4.6603938 2.4291496 4.7194489 2.4291496 1 P 0
L 4.667 1.5607086 4.667 1.5981102 2 P 0
L 4.6703543 2.0628503 4.6703543 2.1691495 1 P 0
L 4.6703543 2.0628503 4.7294094 2.0628503 1 P 0
L 4.6703543 2.1691495 4.7294094 2.1691495 1 P 0
L 4.6712206 2.376 4.7086221 2.376 2 P 0
L 4.6811811 2.1159999 4.7185826 2.1159999 2 P 0
L 4.6899213 2.3572992 4.6899213 2.3947008 2 P 0
L 4.6965275 1.5262598 4.6965275 1.632559 1 P 0
L 4.6994803 1.3988976 4.6994803 1.5111024 0 P 0
L 4.6998819 2.0972991 4.6998819 2.1347007 2 P 0
L 4.7095866 2.4981102 4.7095866 2.626063 0 P 0
L 4.7194489 2.3228504 4.7194489 2.4291496 1 P 0
L 4.7224725 1.5262756 4.7224725 1.6325748 1 P 0
L 4.7224725 1.5262756 4.7815276 1.5262756 1 P 0
L 4.7224725 1.6325748 4.7815276 1.6325748 1 P 0
L 4.7274568 2.5463386 4.7274568 2.6526378 1 P 0
L 4.7274568 2.5463386 4.7865119 2.5463386 1 P 0
L 4.7274568 2.6526378 4.7865119 2.6526378 1 P 0
L 4.7294094 2.0628503 4.7294094 2.1691495 1 P 0
L 4.7332993 1.5794252 4.7707008 1.5794252 2 P 0
L 4.7382836 2.5994882 4.7756851 2.5994882 2 P 0
L 4.7464724 2.0628504 4.7464724 2.1691496 1 P 0
L 4.7464724 2.0628504 4.8055275 2.0628504 1 P 0
L 4.7464724 2.1691496 4.8055275 2.1691496 1 P 0
L 4.752 1.5607244 4.752 1.598126 2 P 0
L 4.7569843 2.5807874 4.7569843 2.618189 2 P 0
L 4.7572992 2.116 4.7947007 2.116 2 P 0
L 4.7647481 1.6871496 4.7647481 2.010378 1 P 0
L 4.776 2.0972992 4.776 2.1347008 2 P 0
L 4.7815276 1.5262756 4.7815276 1.6325748 1 P 0
L 4.7865119 2.5463386 4.7865119 2.6526378 1 P 0
L 4.8019328 1.5262595 4.8019328 1.6325587 1 P 0
L 4.8019328 1.5262595 4.8609879 1.5262595 1 P 0
L 4.8019328 1.6325587 4.8609879 1.6325587 1 P 0
L 4.8055275 2.0628504 4.8055275 2.1691496 1 P 0
L 4.8127596 1.5794091 4.8501611 1.5794091 2 P 0
L 4.8314603 1.5607083 4.8314603 1.5981099 2 P 0
L 4.8504627 1.6900779 4.8504627 1.749133 1 P 0
L 4.8504627 1.6900779 4.9567619 1.6900779 1 P 0
L 4.8504627 1.749133 4.9567619 1.749133 1 P 0
L 4.8504627 1.9946724 4.8504627 2.0537275 1 P 0
L 4.8504627 1.9946724 4.9567619 1.9946724 1 P 0
L 4.8504627 2.0537275 4.9567619 2.0537275 1 P 0
L 4.8508504 1.9215985 4.8508504 1.9806536 1 P 0
L 4.8508504 1.9215985 4.9571496 1.9215985 1 P 0
L 4.8508504 1.9806536 4.9571496 1.9806536 1 P 0
L 4.8508661 1.7798662 4.8508661 1.8389213 1 P 0
L 4.8508661 1.7798662 4.9571653 1.7798662 1 P 0
L 4.8508661 1.8389213 4.9571653 1.8389213 1 P 0
L 4.8609879 1.5262595 4.8609879 1.6325587 1 P 0
L 4.8758662 2.733937 4.8758662 3.0528347 0 P 0
L 4.8849115 1.7196055 4.9223131 1.7196055 2 P 0
L 4.8849115 2.0241999 4.9223131 2.0241999 2 P 0
L 4.8852992 1.951126 4.9227008 1.951126 2 P 0
L 4.8853149 1.8093937 4.9227165 1.8093937 2 P 0
L 4.9036123 1.7009047 4.9036123 1.7383062 2 P 0
L 4.9036123 2.0054992 4.9036123 2.0429007 2 P 0
L 4.904 1.9324253 4.904 1.9698268 2 P 0
L 4.9040157 1.790693 4.9040157 1.8280945 2 P 0
L 4.913 1.3829173 4.913 1.6190827 3 P 0
L 4.913 1.3829173 5.067 1.3829173 3 P 0
L 4.913 1.6190827 5.067 1.6190827 3 P 0
L 4.9567619 1.6900779 4.9567619 1.749133 1 P 0
L 4.9567619 1.9946724 4.9567619 2.0537275 1 P 0
L 4.9571496 1.9215985 4.9571496 1.9806536 1 P 0
L 4.9571653 1.7798662 4.9571653 1.8389213 1 P 0
L 5.067 1.3829173 5.067 1.6190827 3 P 0
S P 0
OB 4.118 1.6869173 I
OS 3.964 1.6869173
OS 3.964 1.9230827
OS 4.118 1.9230827
OS 4.118 1.6869173
OE
SE
S P 0
OB 5.067 1.3829173 I
OS 4.913 1.3829173
OS 4.913 1.6190827
OS 5.067 1.6190827
OS 5.067 1.3829173
OE
SE
